*Vertices 616
0.004022193
0.007277347
0.003015328
0
0
0.004206721
0.003990890
0.002109482
0.001167518
8.2970896409365E-4
0
9.3432041771598E-4
9.0943751069277E-5
0.004626630
0
0.002169048
0.005160086
0.002674298
0
4.0356621802698E-4
0
0.005594113
0
0.001547573
0.003884961
4.3902430352736E-4
0
0.003118388
4.0700509557267E-4
0.001471183
0.004159901
0.002875983
0
0.004346397
0
0.005099747
0
0
4.6335488765144E-4
0.017018738
7.6324621093033E-5
0.003761099
0.002777998
0
0
8.2335255273709E-4
0
0.005131907
0
0.003042779
0.002865390
0
0.017534781
0.008564392
0
0
0.002208949
0.003849210
0
0.001419418
6.8329706627156E-4
0.015654335
0
4.6705638173435E-4
0.002571436
0.010518789
0
0.001292339
0.016387734
0.002919572
0
0
0.001435343
0.003853182
0.007496318
0.001300283
0.007325686
0
0.048807469
0.007150234
0.001086232
0
0
0
0.005730780
0.003192594
8.4489928329745E-4
5.6370154566707E-4
0.005683112
0
0.001292339
0
0.005731726
0.001300283
0.003131512
0
0.018877797
0
0.041840665
0.003030838
0.001903200
0.002846853
0.001384754
0.002915707
0.165257120
0
0
0.001424750
0
0.002797217
0.004172073
0.001550453
0.004645180
0.066199192
0.001424750
0.019962571
0.005206710
0.001492232
0.001292339
0.003889784
0.001412745
0
0
0.007501314
0.001430047
0.005297080
0.005295108
0.001440640
0.010624719
6.6683186608506E-4
0.004280872
5.3633302487162E-4
0.001296708
0.001982708
0.002568788
0.009152447
0.009971620
0
0.019174884
0.004274251
0.001557126
7.9447048542147E-6
0.001841235
0.004354912
0
0.001287042
7.5678042727379E-4
8.1504555248474E-4
0
0.001287042
9.9838609054467E-4
0.003444885
0.009833912
4.0129758926931E-4
6.1930560222449E-4
0.002672824
0.001424750
0.001715984
6.1365457383906E-4
0
0.001343783
0.001551866
0.002813485
0
0.001413756
0.010678434
0.024585111
2.6482349514049E-6
0.001297635
0
0.003581526
0
2.5519666577901E-4
0.001430047
0.001354524
0.008132269
0.078915441
0.007067689
0.001594105
0.001377212
0.002595270
0.001640692
0
0
0.005269988
0.008829760
0
0.002893130
0.004553995
0
0.001620349
0.001925483
0.002051253
0.009550555
0.007822173
9.8728195673457E-4
0.001821828
0.004185597
0
0.001671344
0.002287940
0
0.007856111
0.014727783
0.046382427
0.001259446
0.006645022
0.001432695
0.002578651
0.010762427
0.001573798
8.0446288379076E-4
0
0
0.002920210
0.004366814
0.001432695
0.001424750
0.011382261
0
0
0.003083428
0.003158940
0.001465953
0.001561069
0.003892905
0.002208089
0
0.016181586
0
0.002934925
0.020006258
0.012026985
0
0.007087969
0.027065385
0.002951193
0
0.001754110
0.001424750
8.4489928329745E-4
0.002584677
0.120191296
2.6522703570451E-4
0.013482330
0.001636521
0
0
4.0289952302346E-4
0
0.020424766
0.001374501
0.005455613
0.005284870
0.001318380
0.005132279
0.006461693
0.010007076
0.002919572
0.024635564
0.001546696
0.016554536
0.002706496
1.0065213072284E-4
0.002694205
1.9919771091615E-4
4.4182317539750E-4
0.001038309
0
0.006036534
0.003027169
0.001430047
0.010189153
0.004527626
0.006838608
0.001572667
0
0.001655186
0.003877016
0.016413471
0
0.001292339
1.4454949109752E-5
0.001430047
0.003877016
0
0
0.001578801
0.005200643
0.002419471
0.002322383
0
0.001992127
0.001456088
5.3260620691303E-4
0.013457778
0.004922296
0.156655483
0.004128598
0
0.014045935
0.064059235
0.001287042
0
0.002865390
0.004312924
5.6016801654224E-4
7.2386596657670E-4
0.005882998
0.002589974
0
0.002595270
0.012033764
0.003030775
0
0
0.001495458
3.7776553710868E-4
9.2011390801287E-4
0.008842324
0
0.004512247
0.009707105
0.002601588
0.001292339
0.001292339
0.002739296
0.014297215
0
0
0.001292339
0.003153036
0.009536346
0.003907423
6.3576449708967E-4
0.004905889
0.036312458
0
0.001346609
0.007482869
0.010801964
0.015080731
0.004306030
0.001608891
0.004263658
0.001287042
6.3906724350039E-5
0.009011249
2.0081817849356E-4
0.026545132
0.003896657
0.012330182
0.016872403
0.001294987
0.017405273
0.001430047
0.005467554
0
0.002146346
0.010327744
0.004734678
4.2633122874642E-4
0.003988242
0.003328381
0.004034365
0.004266307
0.003123008
0.002087921
0.031116109
0
0
0.001373698
0.013775774
0
0.003633263
0.004169958
0
0.070961715
0
0.002960054
3.3382027376765E-4
0.014094405
0
0
0.013951010
0.011161354
0.003518272
0.004085403
0
0
0.016483010
0.070686737
0.002675777
0.018791077
0.002851334
0.002860094
0.001843681
0.001116632
0.001597418
0.001753649
0.001292339
0
0.019058849
2.4698258848573E-4
0.005344418
0.001765492
0.001228432
0.005751506
0.002824372
0.006278836
0.017755541
0.005142872
0.001462652
0.001287042
0.028551946
7.7899267149147E-4
0.029622104
0.001409864
0.018749260
0.001294987
0.004125950
0.004297609
0.001185507
0.028900874
0.002088455
0.024536433
0.001424750
0.002600567
0
0.004783525
0.002215046
0
0.005297794
0.008517926
0
0.020417048
0.001298247
0
0
0.001436090
0
0
0.066745195
0.002668870
0.006923595
0.003099788
0.007531999
0.005794585
4.7653554922960E-4
0
0.005317905
0.001948449
0
0.015445414
0.004389918
0.005545404
0.013459952
0.007434175
0.001302932
0.028648946
0.003972484
0.001424750
0.003401340
0.001334090
0.065290528
0.003598783
0
0
0.004290141
0
0
0.009038093
0.003437320
0.005944578
0.004143164
0.001578276
7.0140830806597E-4
0
0.001292339
0.009946070
0
0
0.002684638
0.006909994
0.001435343
0.013530112
0.005407696
0.007586304
0.002207564
4.5535043389973E-4
0.004759329
0.001287042
0.002822346
0.002945720
0.002962080
0.003777952
0.009131249
9.2688223299171E-5
0
0.001154563
0
9.9805157192368E-4
0.030830156
0.019081968
0.008727673
0.011841047
0.001472983
0.014068675
0.004746075
0
0
0.002491823
0.001420794
0
0.005342386
0.001300283
0.001439199
0.004309782
6.1697645249770E-4
0.002884180
0.002109356
3.3330673634161E-4
0.001343470
0.016606007
0.001297635
0.007635158
0
0.008484494
0.003578009
0.001287042
0.001287042
0
0.002589974
0.002758285
0.002592622
2.4891468444340E-4
0.003345215
0.001316173
0.006178331
0.002848139
0.001424750
0
0.005372122
2.1587429369268E-4
5.1687814927452E-4
0.001292339
0.005179948
0.005482126
0.007049882
0.002047596
0.004624545
0.009307601
0.004313571
0.010487010
0.001294987
0.007270568
0
3.1778819416859E-5
0.001525374
0.002373551
0.032781609
0.001424750
0.020445022
0.004290141
0.002808012
0
0
0.001400916
8.4810775205627E-5
0.014295012
0.001730000
0.002008637
1.4241815762058E-4
0.009291785
0.002584677
0.015198940
3.0038407431750E-4
0.002584677
0.001292339
0.002709144
0.004082606
0.001421978
0.010118461
0
0.005169355
0.002900016
0.001414157
0
0.002640290
0.001632576
0
0
0.008927007
0
0
0
0.019978832
0
0
0.002120416
6.1399327348322E-4
0
0.006448723
0
0.003316250
0.001551464
0.001294987
0.001287042
0.001430047
2.5713960130422E-4
0.014340026
0
0.011729129
0
0.002261756
0.007281505
