*Vertices 616
0
0
0
999999998
999999998
0
0
0
0
0.500000000
999999998
0
0
0.200000000
999999998
0
0
0
999999998
0
999999998
0.033333333
999999998
0
0
0
999999998
0
0
0
0
0
999999998
0
999999998
0.083333333
999999998
999999998
0
0.044444444
0
0
0
0
999999998
0
999999998
0
999999998
0.023809524
0
999999998
0
0
999999998
999999998
0
0
999999998
0
0
0.022222222
0
0
0
0
999999998
0
0.083333333
0
999999998
999999998
0
0
0.047619048
0
0
999999998
0.003676471
0
0.500000000
0.500000000
999999998
999999998
0
0
0
0
0
999999998
0
999999998
0
0
0
1
0.011111111
999999998
0.030303030
0
0
0
0
0
0.016463415
999999998
999999998
0
1
0
0
0
0
0.019762846
0
0
0
0
0
0
0
999999998
0.500000000
0
0
0
0.050000000
0
0
0
0
0
0
0
0
0
0
999999998
0
0
0
0
0
0
999999998
0.500000000
0
0
999999998
0
0.166666667
0
0
0
0
0
0.500000000
0
0
1
0
0
0
999999998
0
0
0.012820513
0
0
999999998
0
999999998
0
0
0
0
0.008620690
0
0
0
0
0
999999998
999999998
0
0
999999998
0
0
0.500000000
0
0
0
0
0
0
0
0
999999998
0
0
999999998
0
0
0.004761905
0
0
0
0
0
0
0.166666667
999999998
999999998
0
0.050000000
0
0
0.050000000
999999998
999999998
0
0
0
0
0
0
999999998
0
999999998
0
0
0.013888889
999999998
0.083333333
0.011111111
0
999999998
0
0
0.333333333
0
0.016042781
0
0.111111111
0
999999998
999999998
0
999999998
0.022222222
0
0
0
0
0
0
0.033333333
0.333333333
0
0
0.038461538
0
0
0
0
0
0
999999998
0
0
0
0
0
0
0
999999998
0.050000000
0
0
999999998
0
0
0
0
1
999999998
0.083333333
0
0
0.166666667
999999998
0
0
0
0.035714286
0.023809524
0.012336720
0
999999998
0
0.030000000
0.166666667
999999998
0
0
0
0
0
0
999999998
0
0.069444444
0
999999998
0
0.166666667
0
0.050000000
0
999999998
0
0
0
0
0
0
0
999999998
999999998
0
0
0.089285714
0.050000000
0
0.166666667
0.019230769
999999998
0.500000000
0
0
0.033333333
0
0
0
0.500000000
0
0.050000000
0
0.041666667
0
0
0
0
0.013888889
0
0
999999998
0
0.053571429
0.119047619
0
0
0
0
0
0.500000000
0
0
999999998
0.500000000
0
0
999999998
0
0
999999998
0.025000000
999999998
0
0
0.055555556
999999998
999999998
0
0.017857143
0
0
999999998
999999998
0
0.013227513
0
0.088888889
0
0
0.166666667
0
0.083333333
0
0
999999998
0
0
0
0
0
0
0
0
0
0
0
0
0.072727273
0
0.013888889
0
0
0
0
0
0
0.004761905
0
0.022727273
0
0
0.500000000
0
0
999999998
0
0
999999998
0.036363636
0
0
999999998
0
999999998
999999998
0.009057971
0
0
0
0.066666667
0
0
999999998
0
0.166666667
999999998
0.027777778
0
0
0
0
0
0.014285714
0
0
0.023809524
0.083333333
0.015669516
0.050000000
999999998
1
0
999999998
999999998
0.100000000
0
0
0
0
0
999999998
0
0
0
999999998
0
0
0
0.066666667
0
0
0
0
0
0
0
0
0
0
0
0
999999998
0
999999998
0
0.022058824
0
0
0
0.166666667
0
0
999999998
999999998
0
0
999999998
0
0
0.083333333
0
0
0
0.083333333
0
0
0
0
0.083333333
999999998
0.107142857
0.083333333
0
0
999999998
0
0
0
0.500000000
0.166666667
0
0.050000000
0
0
999999998
0.200000000
0
0
0
0
0
0
0
0
0
0
0
0
0
999999998
0
0
0
0.006410256
0.500000000
0
0
0
1
999999998
0
0
0
0
0
0.166666667
0.027777778
0
0
0
0
0
0
0
0
0.013888889
999999998
0
0
0
0
0
0
999999998
999999998
0.017857143
0
999999998
999999998
0
999999998
999999998
0
0
999999998
0
999999998
0.050000000
0.166666667
0
0
0
0
0.150000000
999999998
0.071428571
999999998
0
0
