*Vertices 616
0.227728946
0.262338830
0.197375358
0.170996940
0.184691851
0.224746363
0.172360874
0.235924609
0.240396192
0.226403399
0
0.244834897
0.214974782
0.258962077
0.159192785
0.238724042
0.185868607
0.224486941
0.172615846
0.200702290
0.226315577
0.257590092
0.252353615
0.253780582
0.161573403
0.202443289
0.150410301
0.226843530
0.238821759
0.210704788
0.187541485
0.119803195
0.003246753
0.253229843
0.207335309
0.253010216
0.145714675
0.246074044
0.237654403
0.286562651
0.194675195
0.258045802
0.181362001
0.106740131
0.222178811
0.226579246
0
0.255447267
0.252353615
0.256345149
0.136925970
0.214895602
0.259077069
0.232817861
0.171600458
0.171348475
0.243913695
0.219834800
0.246074044
0.205509531
0.224486941
0.265562840
0.258847187
0.226403399
0.222348155
0.228531750
0.003246753
0.184167159
0.261985433
0.239311550
0.003246753
0.136159057
0.153456486
0.194221557
0.228442270
0.167896851
0.242595243
0.185987108
0.280500749
0.188571932
0.242898234
0.235163869
0.185987108
0.106955373
0.158371759
0.227640093
0.252244513
0.201673542
0.151543262
0.003246753
0.231892511
0.189060777
0.222432924
0.197776799
0.247956463
0.261867845
0.279559923
0.181193031
0.304828400
0.235069121
0.183992923
0.222348155
0.215769807
0.174683101
0.335697099
0.213871539
0.166697588
0.209494276
0.268743233
0.235924609
0.175894350
0.182782443
0.232169343
0.296163228
0.187360809
0.276381600
0.227020062
0.190356137
0.222009725
0.212237744
0.183934918
0.121222015
0.217215770
0.268991037
0.229791870
0.251809046
0.250296679
0.106740131
0.191417834
0.196378848
0.188816038
0.254555654
0.195851480
0.194415714
0.198584601
0.164164760
0.174578563
0.187360809
0.246698333
0.210097788
0.195065717
0.179520480
0.251483430
0.236402576
0.246074044
0.234408019
0.219669261
0.248696316
0.194286233
0.214106994
0.237074993
0.176053578
0.186522237
0.223028119
0.239311550
0.242293006
0.234408019
0.203360599
0.216329833
0.261867845
0.224314325
0.169802549
0.190979234
0.241191219
0.250296679
0.254777973
0.287693076
0.004870130
0.138420299
0.232261767
0.234031913
0.155501481
0.236498402
0.234502234
0.214028451
0.269861960
0.303875812
0.213012617
0.183472188
0.240594457
0.202654241
0.217054151
0.152573629
0.179189668
0.172718046
0.242696156
0.003246753
0.253559999
0.214421741
0.237557638
0.224746363
0.233003817
0.196577344
0.234690892
0.225877491
0.251375079
0.205581944
0.205292596
0.106701090
0.200426506
0.207852354
0
0.239803353
0.228085050
0.294667454
0.237751246
0.263523739
0.222517757
0.211545163
0.166792898
0.234879854
0.211621893
0.195457809
0.132600354
0.234313879
0.259422658
0.171298167
0.204429418
0.219503972
0.170000454
0.227196869
0.188085609
0.242192428
0.219586586
0.233003817
0.136381851
0.246385793
0.161662942
0.247640729
0.200151478
0.225180069
0.263523739
0.232632200
0.223626508
0.255335474
0.264239836
0.232076992
0.128880397
0.200426506
0.221084334
0.271242008
0.241590707
0.329070253
0.201048090
0.255559158
0.208670085
0.003246753
0.202092677
0.203715628
0.200633273
0.281447930
0.189737092
0.191480656
0.257476416
0.209871064
0.209268852
0.188206954
0.262574959
0.241590707
0.277564966
0.256909537
0.287126751
0.179852515
0.213480263
0.197776799
0.245452906
0.232632200
0.221252013
0.213168271
0.221672325
0.226052522
0.252572103
0.220499455
0.205076119
0.200840468
0.215212674
0.178095714
0.256007704
0.183819017
0.234408019
0.155667438
0.206674303
0.222263451
0.185219542
0.192873242
0.268743233
0.197709779
0.251266821
0.253559999
0.242696156
0.259077069
0.217864660
0.224055898
0.192174426
0.229070105
0.266290077
0.262338830
0.340397642
0.199535417
0.232261767
0.180856032
0.320396243
0.237171365
0.205654409
0.181984267
0.253229843
0.237074993
0.214658410
0.235163869
0.236115564
0.151898349
0.138749479
0.272127593
0.254333722
0.252353615
0.253670243
0.261164529
0.200151478
0.223883944
0.179024719
0.225006386
0.243608166
0.189737092
0.189122061
0.201048090
0.209720186
0.215292088
0.214737416
0
0.252353615
0.184984641
0.233190071
0.279025136
0.272636242
0.226403399
0.261047677
0.285580792
0.170547079
0.260000694
0.239409749
0.248167400
0.278758509
0.136445640
0.211009605
0.246698333
0.208819455
0.167607457
0.241991522
0.233190071
0.290125091
0.193000846
0.181136777
0.263285902
0.254889278
0.273018979
0.180743977
0.207335309
0.187481221
0.235448571
0.226843530
0.240000641
0.213480263
0.182325487
0.177553731
0.161305380
0.250296679
0.250726927
0.250942606
0.263285902
0
0.263523739
0.225006386
0.205872110
0.096213977
0.236594306
0.227817867
0.216812173
0.310506417
0.179797090
0.200151478
0.244322261
0.283637121
0.181080558
0.108064745
0.268002553
0.247430686
0.258962077
0.242494413
0.220916910
0.217864660
0.212469613
0.308372917
0.207630448
0.292451909
0.213636601
0.207630448
0.263167144
0.246074044
0.251591875
0.266290077
0.199330905
0.208744744
0.232076992
0.249974961
0.185160761
0.179741700
0.205292596
0.229791870
0.155917039
0.247220999
0.240495284
0.217864660
0.216490374
0.250511618
0.287126751
0.238333970
0.284189751
0.226579246
0.251266821
0.193770029
0.197910976
0.176746913
0.208000556
0.265562840
0.227285375
0.272763702
0.253670243
0.119803195
0.219009594
0.234219815
0.222432924
0.227196869
0.158242896
0.242293006
0.003246753
0.258388644
0.259884881
0.171853184
0.203786783
0.209644829
0.159323200
0.143246147
0.308210015
0.221588135
0.247220999
0.192491441
0.275598280
0.234502234
0.233283310
0.181193031
0.202513557
0.239115393
0.152493873
0.281855825
0.177878524
0.134837430
0.266411671
0.255671147
0.153295207
0.244424616
0.206674303
0.237171365
0.285441076
0.239704831
0.300278723
0.236594306
0.165515336
0.261867845
0.223369662
0.172871573
0.184574995
0.274689999
0.237654403
0.227551310
0.159759463
0.234879854
0.253010216
0
0.179907974
0.202022700
0.171600458
0.170547079
0.161305380
0.222094236
0.120123854
0.287551286
0.147333727
0.238431368
0.254001549
0.213246184
0.197776799
0.204429418
0.166792898
0.163154798
0.162699821
0.223540827
0.259538060
0.229430420
0.189060777
0.189429077
0.231708323
0.221925279
0.287693076
0.254333722
0.217620872
0.231708323
0.240892468
0.233190071
0.220416154
0.204644531
0.229611003
0.253670243
0.219917662
0.003246753
0.254112177
0.121525007
0.261632986
0.214264252
0.243811767
0.230974489
0.261398548
0.187662129
0.234219815
0.266899158
0.190232005
0.255559158
0.213949966
0.285441076
0.215292088
0.224659822
0.252900545
0.227196869
0.161216236
0.243100649
0.155584416
0.234690892
0.235543625
0.203077466
0.219751999
0.227373951
0.222348155
0
0.267879503
0.209118838
0.254777973
0.222348155
0.158199989
0.161349989
0.176426235
0.207041007
0.238528846
0.208223254
0.252026591
0.235924609
0.177824309
0.239311550
0.204716336
0.178095714
0.256570606
0.232169343
0.274044884
0.208819455
0.257590092
0.159105961
0.178969803
0.261867845
0.180856032
0.253339800
0.162473283
0.205364857
0.210173472
0.200771355
0.229340235
0.260581312
0.217296670
0.240198254
0.234974450
0.175049973
0.234502234
0.181193031
0.240000641
0.222857738
0.250834720
0.234313879
0.193256561
0.194027788
0.181080558
0.256120087
0.218763239
0.250619226
0.252353615
0.154923409
0.253339800
0.219256504
0.152773385
0.222094236
0.217702074
0.096213977
0.249760941
0.234785335
0.206454904
0.149408850
0.222263451
0.216089466
0.246802690
0.227906859
0.148496197
0.252572103
0.190418263
0.229520676
0.283913167
0.164442378
0.273916225
0.184050965
0.208595480
0.190791877
