*Vertices 616
2
7
2
1
1
2
2
3
2
2
0
2
2
7
2
2
2
3
1
2
1
8
1
2
2
2
1
4
2
2
2
2
1
2
2
4
1
1
2
10
2
3
2
2
1
2
0
6
1
7
2
1
12
4
1
1
2
2
2
2
2
13
3
2
2
4
1
2
13
2
1
1
2
2
7
2
6
1
19
2
4
2
1
1
2
4
2
2
2
1
2
1
4
4
3
2
11
1
30
6
2
2
2
2
50
1
1
2
2
4
2
2
4
37
2
10
2
2
2
2
2
1
6
7
2
4
6
2
2
2
2
2
2
3
2
2
2
1
20
3
2
2
3
4
1
3
2
2
1
2
3
2
2
2
2
4
2
2
3
2
2
2
2
1
2
6
14
2
2
1
4
1
2
2
2
6
47
4
2
2
3
2
1
1
2
4
1
6
4
6
2
2
3
7
3
2
2
4
1
2
3
0
5
6
16
2
7
3
3
2
2
3
1
1
5
6
2
2
6
1
1
2
4
2
3
2
4
1
6
1
2
10
9
1
4
10
2
1
2
2
3
2
47
2
13
2
1
1
2
1
11
2
3
2
2
2
2
6
4
11
2
19
2
2
2
2
2
2
1
4
3
3
4
2
4
2
1
7
2
5
1
2
2
2
2
2
1
4
4
4
3
1
4
2
2
8
10
81
2
1
4
34
4
1
2
2
2
2
9
4
1
2
13
4
1
2
3
2
5
3
1
7
4
2
2
2
2
4
0
1
2
4
8
5
2
11
17
1
2
5
2
6
2
2
2
2
2
6
2
28
2
4
8
3
10
2
4
1
2
11
9
2
2
2
2
2
2
2
12
0
2
3
6
1
2
4
1
41
1
2
2
10
1
1
6
8
4
4
1
1
10
37
2
14
4
2
4
2
9
2
2
1
7
2
2
2
2
6
2
4
10
4
2
3
15
2
10
2
10
2
2
2
2
15
4
13
2
3
2
4
2
1
3
8
1
23
2
2
1
2
1
1
27
4
6
2
6
3
2
1
3
4
1
9
2
2
8
4
2
26
4
4
7
6
31
5
1
2
4
1
1
6
4
7
2
2
2
0
2
2
2
1
2
6
2
12
2
3
2
2
3
2
2
2
2
2
6
2
1
2
1
2
21
3
2
7
3
5
4
1
1
2
3
1
6
2
4
2
2
4
4
2
2
8
4
4
1
8
4
2
2
1
2
2
2
2
4
2
5
4
2
0
6
2
2
2
2
2
4
2
4
5
5
3
2
4
2
2
2
3
14
2
10
2
2
2
1
2
2
4
2
2
4
12
2
6
2
2
2
2
6
2
10
1
2
2
2
2
2
2
1
1
8
2
1
1
5
1
1
3
2
1
4
1
5
3
2
2
2
2
7
1
10
1
2
3
