Number;Label;"Weighted All Degree of N1 (616)";"All closeness centrality in N1 (616)";"Betweenness centrality in N1 (616)";"Clustering Coefficients CC1 in N1 (616)";"Clustering Coefficients CC1' in N1 (616)";"Distribution of Distances in N1 (20)";"Centers in N1 [w,w] (616)"
1;02;2;0,227728946;0,004022193;0;0;1122;0
2;1;7;0,262338830;0,007277347;0;0;5073;0
3;10;2;0,197375358;0,003015328;0;0;17654;0
4;100,00;1;0,170996940;0;999999998;999999998;39032;0
5;1000;1;0,184691851;0;999999998;999999998;54201;0
6;10h;2;0,224746363;0,004206721;0;0;52017;0
7;12;2;0,172360874;0,003990890;0;0;38528;2
8;16;3;0,235924609;0,002109482;0;0;23901;0
9;16,00;2;0,240396192;0,001167518;0;0;13626;0
10;16/pessoa/dia;2;0,226403399;8,2970896E-4;0,500000000;0,018867925;7867;0
11;16:00h;0;0;0;999999998;999999998;4730;1
12;1a;2;0,244834897;9,3432042E-4;0;0;2869;0
13;1h;2;0,214974782;9,0943751E-5;0;0;1500;0
14;2;7;0,258962077;0,004626630;0,200000000;0,018867925;661;0
15;2012;2;0,159192785;0;999999998;999999998;266;0
16;2013;2;0,238724042;0,002169048;0;0;103;0
17;23h;2;0,185868607;0,005160086;0;0;48;0
18;24;3;0,224486941;0,002674298;0;0;21;0
19;24h;1;0,172615846;0;999999998;999999998;8;0
20;279;2;0,200702290;4,0356622E-4;0;0;2;0
21;28/12;1;0,226315577;0;999999998;999999998;;0
22;3;8;0,257590092;0,005594113;0,033333333;0,003773585;;0
23;3,00;1;0,252353615;0;999999998;999999998;;0
24;30;2;0,253780582;0,001547573;0;0;;0
25;30,00;2;0,161573403;0,003884961;0;0;;2
26;300;2;0,202443289;4,3902430E-4;0;0;;0
27;32;1;0,150410301;0;999999998;999999998;;0
28;4;4;0,226843530;0,003118388;0;0;;0
29;5;2;0,238821759;4,0700510E-4;0;0;;0
30;50;2;0,210704788;0,001471183;0;0;;0
31;6h;2;0,187541485;0,004159901;0;0;;2
32;80;2;0,119803195;0,002875983;0;0;;2
33;blank>;1;0,003246753;0;999999998;999999998;;1
34;abastecer;2;0,253229843;0,004346397;0;0;;0
35;abastecido;2;0,207335309;0;999999998;999999998;;0
36;accor;4;0,253010216;0,005099747;0,083333333;0,006289308;;0
37;aceitar;1;0,145714675;0;999999998;999999998;;0
38;aceso;1;0,246074044;0;999999998;999999998;;0
39;acessivel;2;0,237654403;4,6335489E-4;0;0;;0
40;achar;10;0,286562651;0,017018738;0,044444444;0,008385744;;0
41;acolher;2;0,194675195;7,6324621E-5;0;0;;0
42;acomodação;3;0,258045802;0,003761099;0;0;;0
43;acústico;2;0,181362001;0,002777998;0;0;;2
44;adorar;2;0,106740131;0;0;0;;0
45;afinal;1;0,222178811;0;999999998;999999998;;0
46;agradecer;2;0,226579246;8,2335255E-4;0;0;;0
47;ah;0;0;0;999999998;999999998;;1
48;ainda;6;0,255447267;0,005131907;0;0;;0
49;alar;1;0,252353615;0;999999998;999999998;;0
50;algum;7;0,256345149;0,003042779;0,023809524;0,003144654;;0
51;alteração;2;0,136925970;0,002865390;0;0;;2
52;alternativo;1;0,214895602;0;999999998;999999998;;0
53;alto;12;0,259077069;0,017534781;0;0;;0
54;altura;4;0,232817861;0,008564392;0;0;;0
55;além;1;0,171600458;0;999999998;999999998;;0
56;amir;1;0,171348475;0;999999998;999999998;;0
57;amor;2;0,243913695;0,002208949;0;0;;0
58;amplo;2;0,219834800;0,003849210;0;0;;0
59;ansioso;2;0,246074044;0;999999998;999999998;;0
60;aparentemente;2;0,205509531;0,001419418;0;0;;0
61;apartamento;2;0,224486941;6,8329707E-4;0;0;;0
62;apenas;13;0,265562840;0,015654335;0,022222222;0,004192872;;0
63;apesar;3;0,258847187;0;0;0;;0
64;apreciar;2;0,226403399;4,6705638E-4;0;0;;0
65;aproveitar;2;0,222348155;0,002571436;0;0;;0
66;após;4;0,228531750;0,010518789;0;0;;0
67;aqui;1;0,003246753;0;999999998;999999998;;1
68;arco;2;0,184167159;0,001292339;0;0;;0
69;arcoverde;13;0,261985433;0,016387734;0,083333333;0,014150943;;0
70;areia;2;0,239311550;0,002919572;0;0;;0
71;armazenagem;1;0,003246753;0;999999998;999999998;;1
72;arriscar;1;0,136159057;0;999999998;999999998;;0
73;assunto;2;0,153456486;0,001435343;0;0;;3
74;atar;2;0,194221557;0,003853182;0;0;;0
75;atencioso;7;0,228442270;0,007496318;0,047619048;0,006289308;;0
76;atencão;2;0,167896851;0,001300283;0;0;;0
77;atender;6;0,242595243;0,007325686;0;0;;0
78;atendido;1;0,185987108;0;999999998;999999998;;0
79;atendimento;19;0,280500749;0,048807469;0,003676471;0,001179245;;0
80;atlantica;2;0,188571932;0,007150234;0;0;;0
81;atro;4;0,242898234;0,001086232;0,500000000;0,018867925;;0
82;atrás;2;0,235163869;0;0,500000000;0,018867925;;0
83;ausência;1;0,185987108;0;999999998;999999998;;0
84;autocolante;1;0,106955373;0;999999998;999999998;;0
85;av;2;0,158371759;0,005730780;0;0;;2
86;avaliar;4;0,227640093;0,003192594;0;0;;0
87;avaliação;2;0,252244513;8,4489928E-4;0;0;;0
88;avião;2;0,201673542;5,6370155E-4;0;0;;0
89;açucar;2;0,151543262;0,005683112;0;0;;0
90;bagagem;1;0,003246753;0;999999998;999999998;;1
91;bairro;2;0,231892511;0,001292339;0;0;;0
92;bandeira;1;0,189060777;0;999999998;999999998;;0
93;banho;4;0,222432924;0,005731726;0;0;;0
94;bar;4;0,197776799;0,001300283;0;0;;7,800000000
95;barato;3;0,247956463;0,003131512;0;0;;0
96;base;2;0,261867845;0;1;0,037735849;;0
97;bastante;11;0,279559923;0,018877797;0,011111111;0,002096436;;0
98;bater;1;0,181193031;0;999999998;999999998;;0
99;bem;30;0,304828400;0,041840665;0,030303030;0,012578616;;0
100;beneficiar;6;0,235069121;0,003030838;0;0;;0
101;bicicleta;2;0,183992923;0,001903200;0;0;;0
102;bike;2;0,222348155;0,002846853;0;0;;0
103;bikerio;2;0,215769807;0,001384754;0;0;;0
104;black;2;0,174683101;0,002915707;0;0;;0
105;bom;50;0,335697099;0,165257120;0,016463415;0,012735849;;0
106;boteco;1;0,213871539;0;999999998;999999998;;0
107;breve;1;0,166697588;0;999999998;999999998;;0
108;bufê;2;0,209494276;0,001424750;0;0;;0
109;business;2;0,268743233;0;1;0,037735849;;0
110;básico;4;0,235924609;0,002797217;0;0;;0
111;cabelo;2;0,175894350;0,004172073;0;0;;2
112;cabo;2;0,182782443;0,001550453;0;0;;0
113;cafe;4;0,232169343;0,004645180;0;0;;0
114;café;37;0,296163228;0,066199192;0,019762846;0,008576329;;0
115;calmo;2;0,187360809;0,001424750;0;0;;0
116;cama;10;0,276381600;0,019962571;0;0;;0
117;camareira;2;0,227020062;0,005206710;0;0;;0
118;caminhada;2;0,190356137;0,001492232;0;0;;0
119;caminhar;2;0,222009725;0,001292339;0;0;;0
120;caminho;2;0,212237744;0,003889784;0;0;;0
121;canal;2;0,183934918;0,001412745;0;0;;0
122;cansaço;1;0,121222015;0;999999998;999999998;;0
123;cardeal;6;0,217215770;0;0,500000000;0,037735849;;0
124;caro;7;0,268991037;0,007501314;0;0;;0
125;carpete;2;0,229791870;0,001430047;0;0;;0
126;carro;4;0,251809046;0,005297080;0;0;;0
127;casa;6;0,250296679;0,005295108;0,050000000;0,004716981;;0
128;castro;2;0,106740131;0,001440640;0;0;;3
129;causa;2;0,191417834;0,010624719;0;0;;0
130;cedo;2;0,196378848;6,6683187E-4;0;0;;0
131;ceia/jantar;2;0,188816038;0,004280872;0;0;;0
132;cerca;2;0,254555654;5,3633302E-4;0;0;;0
133;cereal;2;0,195851480;0,001296708;0;0;;0
134;certeza;3;0,194415714;0,001982708;0;0;;0
135;certo;2;0,198584601;0,002568788;0;0;;0
136;chamar;2;0,164164760;0,009152447;0;0;;0
137;chao;2;0,174578563;0,009971620;0;0;;0
138;charmoso;1;0,187360809;0;999999998;999999998;;0
139;check;20;0,246698333;0,019174884;0;0;;0
140;check-in;3;0,210097788;0,004274251;0;0;;0
141;chefe;2;0,195065717;0,001557126;0;0;;0
142;chegar;2;0,179520480;7,9447049E-6;0;0;;2
143;cheio;3;0,251483430;0,001841235;0;0;;0
144;chuveiro;4;0,236402576;0,004354912;0;0;;0
145;chuveiro/banheiro;1;0,246074044;0;999999998;999999998;;0
146;cidade;3;0,234408019;0,001287042;0,500000000;0,018867925;;0
147;circular;2;0,219669261;7,5678043E-4;0;0;;0
148;cituado;2;0,248696316;8,1504555E-4;0;0;;0
149;cliente;1;0,194286233;0;999999998;999999998;;0
150;cobrar;2;0,214106994;0,001287042;0;0;;0
151;cofre;3;0,237074993;9,9838609E-4;0,166666667;0,009433962;;0
152;coisa;2;0,176053578;0,003444885;0;0;;0
153;colocado;2;0,186522237;0,009833912;0;0;;0
154;comodidade;2;0,223028119;4,0129759E-4;0;0;;0
155;comparacão;2;0,239311550;6,1930560E-4;0;0;;0
156;comparar;4;0,242293006;0,002672824;0;0;;0
157;comparação;2;0,234408019;0,001424750;0,500000000;0,018867925;;0
158;compatível;2;0,203360599;0,001715984;0;0;;0
159;compensar;3;0,216329833;6,1365457E-4;0;0;;0
160;completamente;2;0,261867845;0;1;0,037735849;;0
161;complicado;2;0,224314325;0,001343783;0;0;;0
162;comprar;2;0,169802549;0,001551866;0;0;;0
163;comum;2;0,190979234;0,002813485;0;0;;2
164;condição;1;0,241191219;0;999999998;999999998;;0
165;conexão;2;0,250296679;0,001413756;0;0;;0
166;conforto;6;0,254777973;0,010678434;0;0;;0
167;confortável;14;0,287693076;0,024585111;0,012820513;0,003144654;;0
168;conhecer;2;0,004870130;2,6482350E-6;0;0;;4
169;consequentemente;2;0,138420299;0,001297635;0;0;;3
170;conservar;1;0,232261767;0;999999998;999999998;;0
171;considerando;4;0,234031913;0,003581526;0;0;;0
172;consideração;1;0,155501481;0;999999998;999999998;;0
173;conta;2;0,236498402;2,5519667E-4;0;0;;0
174;contrário;2;0,234502234;0,001430047;0;0;;0
175;convidativo;2;0,214028451;0,001354524;0;0;;0
176;copa;6;0,269861960;0,008132269;0;0;;0
177;copacabana;47;0,303875812;0,078915441;0,008620690;0,004716981;;0
178;cor;4;0,213012617;0,007067689;0;0;;0
179;coração;2;0,183472188;0,001594105;0;0;;0
180;cordial;2;0,240594457;0,001377212;0;0;;0
181;cordialidade;3;0,202654241;0,002595270;0;0;;0
182;corrido;2;0,217054151;0,001640692;0;0;;0
183;cortina;1;0,152573629;0;999999998;999999998;;0
184;crianças.recomendo;1;0,179189668;0;999999998;999999998;;0
185;cristo;2;0,172718046;0,005269988;0;0;;2
186;cuidado;4;0,242696156;0,008829760;0;0;;0
187;curtir;1;0,003246753;0;999999998;999999998;;0
188;custo;6;0,253559999;0,002893130;0;0;;0
189;dar;4;0,214421741;0,004553995;0;0;;0
190;de+a;6;0,237557638;0;0,500000000;0,018867925;;0
191;decente;2;0,224746363;0,001620349;0;0;;0
192;deixa;2;0,233003817;0,001925483;0;0;;0
193;deixar;3;0,196577344;0,002051253;0;0;;0
194;demora;7;0,234690892;0,009550555;0;0;;0
195;demorado;3;0,225877491;0,007822173;0;0;;0
196;dentro;2;0,251375079;9,8728196E-4;0;0;;0
197;desdobrar;2;0,205581944;0,001821828;0;0;;0
198;desejar;4;0,205292596;0,004185597;0;0;;0
199;desistir;1;0,106701090;0;999999998;999999998;;0
200;desorganização;2;0,200426506;0,001671344;0;0;;0
201;destaque;3;0,207852354;0,002287940;0;0;;0
202;desvantagem;0;0;0;999999998;999999998;;1
203;deve;5;0,239803353;0,007856111;0;0;;0
204;dever;6;0,228085050;0,014727783;0;0;;0
205;dia;16;0,294667454;0,046382427;0,004761905;0,001347709;;0
206;diante;2;0,237751246;0,001259446;0;0;;0
207;diaria;7;0,263523739;0,006645022;0;0;;0
208;difícil;3;0,222517757;0,001432695;0;0;;0
209;dilma;3;0,211545163;0,002578651;0;0;;0
210;dinheiro;2;0,166792898;0,010762427;0;0;;0
211;discussão;2;0,234879854;0,001573798;0;0;;0
212;disponível;3;0,211621893;8,0446288E-4;0,166666667;0,009433962;;0
213;distância;1;0,195457809;0;999999998;999999998;;0
214;dizer;1;0,132600354;0;999999998;999999998;;0
215;diário;5;0,234313879;0,002920210;0;0;;0
216;dois;6;0,259422658;0,004366814;0,050000000;0,004716981;;0
217;domingo;2;0,171298167;0,001432695;0;0;;3
218;dormir;2;0,204429418;0,001424750;0;0;;0
219;duas;6;0,219503972;0,011382261;0,050000000;0,004716981;;0
220;durante;1;0,170000454;0;999999998;999999998;;0
221;economizar;1;0,227196869;0;999999998;999999998;;0
222;edifício;2;0,188085609;0,003083428;0;0;;0
223;educado;4;0,242192428;0,003158940;0;0;;0
224;elegios;2;0,219586586;0,001465953;0;0;;0
225;elevador;3;0,233003817;0,001561069;0;0;;0
226;elogio;2;0,136381851;0,003892905;0;0;;0
227;embora;4;0,246385793;0,002208089;0;0;;0
228;encarecer;1;0,161662942;0;999999998;999999998;;0
229;encontrar;6;0,247640729;0,016181586;0;0;;0
230;entrar;1;0,200151478;0;999999998;999999998;;0
231;entretanto;2;0,225180069;0,002934925;0;0;;0
232;então;10;0,263523739;0,020006258;0;0;;0
233;equipe;9;0,232632200;0,012026985;0,013888889;0,002358491;;0
234;espartano;1;0,223626508;0;999999998;999999998;;0
235;especial;4;0,255335474;0,007087969;0,083333333;0,006289308;;0
236;esperar;10;0,264239836;0,027065385;0,011111111;0,002096436;;0
237;esquina;2;0,232076992;0,002951193;0;0;;0
238;essencial;1;0,128880397;0;999999998;999999998;;0
239;estacionamento;2;0,200426506;0,001754110;0;0;;0
240;estada;2;0,221084334;0,001424750;0;0;;0
241;estadia;3;0,271242008;8,4489928E-4;0,333333333;0,018867925;;0
242;estao;2;0,241590707;0,002584677;0;0;;0
243;estar;47;0,329070253;0,120191296;0,016042781;0,010291595;;0
244;estaçao;2;0,201048090;2,6522704E-4;0;0;;0
245;estação;13;0,255559158;0,013482330;0,111111111;0,018867925;;0
246;esticar;2;0,208670085;0,001636521;0;0;;0
247;estranho;1;0,003246753;0;999999998;999999998;;1
248;etc;1;0,202092677;0;999999998;999999998;;0
249;exagerado;2;0,203715628;4,0289952E-4;0;0;;0
250;exatamente;1;0,200633273;0;999999998;999999998;;0
251;excelente;11;0,281447930;0,020424766;0,022222222;0,004192872;;0
252;excessivo;2;0,189737092;0,001374501;0;0;;0
253;existir;3;0,191480656;0,005455613;0;0;;0
254;expresso;2;0,257476416;0,005284870;0;0;;0
255;extensao;2;0,209871064;0,001318380;0;0;;0
256;facilmente;2;0,209268852;0,005132279;0;0;;0
257;fake;2;0,188206954;0,006461693;0;0;;0
258;fala;6;0,262574959;0,010007076;0,033333333;0,003773585;;0
259;famoso;4;0,241590707;0,002919572;0,333333333;0,018867925;;0
260;fazer;11;0,277564966;0,024635564;0;0;;0
261;ferir;2;0,256909537;0,001546696;0;0;;0
262;ficar;19;0,287126751;0,016554536;0,038461538;0,010159652;;0
263;fila;2;0,179852515;0,002706496;0;0;;0
264;final;2;0,213480263;1,0065213E-4;0;0;;0
265;flexível;2;0,197776799;0,002694205;0;0;;0
266;folha;2;0,245452906;1,9919771E-4;0;0;;0
267;forma;2;0,232632200;4,4182318E-4;0;0;;0
268;fornecer;2;0,221252013;0,001038309;0;0;;0
269;forte;1;0,213168271;0;999999998;999999998;;0
270;fossar;4;0,221672325;0,006036534;0;0;;0
271;fraco;3;0,226052522;0,003027169;0;0;;0
272;frente;3;0,252572103;0,001430047;0;0;;0
273;frigobar;4;0,220499455;0,010189153;0;0;;0
274;frio;2;0,205076119;0,004527626;0;0;;0
275;fruta;4;0,200840468;0,006838608;0;0;;0
276;fumar;2;0,215212674;0,001572667;0;0;;0
277;funcional;1;0,178095714;0;999999998;999999998;;0
278;funcionar;7;0,256007704;0,001655186;0,050000000;0,004716981;;0
279;funcionario;2;0,183819017;0,003877016;0;0;;0
280;funcionarios;5;0,234408019;0,016413471;0;0;;0
281;funcionário;1;0,155667438;0;999999998;999999998;;0
282;fácil;2;0,206674303;0,001292339;0;0;;0
283;fã;2;0,222263451;1,4454949E-5;0;0;;0
284;gentil;2;0,185219542;0,001430047;0;0;;0
285;gerado;2;0,192873242;0,003877016;0;0;;0
286;gostar;2;0,268743233;0;1;0,037735849;;0
287;gostoso;1;0,197709779;0;999999998;999999998;;0
288;gratuito;4;0,251266821;0,001578801;0,083333333;0,006289308;;0
289;grátis;4;0,253559999;0,005200643;0;0;;0
290;ha;4;0,242696156;0,002419471;0;0;;0
291;haver;3;0,259077069;0,002322383;0,166666667;0,009433962;;0
292;higiene;1;0,217864660;0;999999998;999999998;;0
293;hora;4;0,224055898;0,001992127;0;0;;0
294;horario;2;0,192174426;0,001456088;0;0;;0
295;hospedagem;2;0,229070105;5,3260621E-4;0;0;;0
296;hospedar;8;0,266290077;0,013457778;0,035714286;0,005390836;;0
297;hoteis;10;0,262338830;0,004922296;0,023809524;0,003144654;;0
298;hotel;81;0,340397642;0,156655483;0,012336720;0,012336720;;1869,854423660
299;hs;2;0,199535417;0,004128598;0;0;;2
300;humorado;1;0,232261767;0;999999998;999999998;;0
301;hóspede;4;0,180856032;0,014045935;0;0;;0
302;ibis;34;0,320396243;0,064059235;0,030000000;0,014150943;;0
303;igual;4;0,237171365;0,001287042;0,166666667;0,009433962;;0
304;impecável;1;0,205654409;0;999999998;999999998;;0
305;imporante;2;0,181984267;0,002865390;0;0;;0
306;importante;2;0,253229843;0,004312924;0;0;;0
307;impossível;2;0,237074993;5,6016802E-4;0;0;;0
308;imteresse;2;0,214658410;7,2386597E-4;0;0;;0
309;in;9;0,235163869;0,005882998;0;0;;0
310;inaugurado;4;0,236115564;0,002589974;0;0;;0
311;inauguraçao;1;0,151898349;0;999999998;999999998;;0
312;inclusive;2;0,138749479;0,002595270;0;0;;2
313;incluso;13;0,272127593;0,012033764;0,069444444;0,011792453;;0
314;incluído;4;0,254333722;0,003030775;0;0;;0
315;indicar;1;0,252353615;0;999999998;999999998;;0
316;informar;2;0,253670243;0;0;0;;0
317;inglês;3;0,261164529;0,001495458;0,166666667;0,009433962;;0
318;interessante;2;0,200151478;3,7776554E-4;0;0;;0
319;internet;5;0,223883944;9,2011391E-4;0,050000000;0,004716981;;0
320;ipanema;3;0,179024719;0,008842324;0;0;;0
321;istalação;1;0,225006386;0;999999998;999999998;;0
322;janeiro;7;0,243608166;0,004512247;0;0;;0
323;janela;4;0,189737092;0,009707105;0;0;;7,571428571
324;lagoa;2;0,189122061;0,002601588;0;0;;0
325;lance;2;0,201048090;0,001292339;0;0;;0
326;lanche;2;0,209720186;0,001292339;0;0;;0
327;lapa;2;0,215292088;0,002739296;0;0;;0
328;leblon;4;0,214737416;0,014297215;0;0;;0
329;led;0;0;0;999999998;999999998;;1
330;legal;1;0,252353615;0;999999998;999999998;;0
331;levado;2;0,184984641;0,001292339;0;0;;0
332;limpeza;4;0,233190071;0,003153036;0;0;;0
333;limpo;8;0,279025136;0,009536346;0,089285714;0,013477089;;0
334;local;5;0,272636242;0,003907423;0,050000000;0,004716981;;0
335;localizacão;2;0,226403399;6,3576450E-4;0;0;;0
336;localizado;11;0,261047677;0,004905889;0,166666667;0,018867925;;0
337;localização;17;0,285580792;0,036312458;0,019230769;0,004716981;;0
338;locomoção;1;0,170547079;0;999999998;999999998;;0
339;loja;2;0,260000694;0,001346609;0,500000000;0,018867925;;0
340;lugar;5;0,239409749;0,007482869;0;0;;0
341;luz;2;0,248167400;0,010801964;0;0;;0
342;lá;6;0,278758509;0,015080731;0,033333333;0,003773585;;0
343;m;2;0,136445640;0,004306030;0;0;;2
344;m.;2;0,211009605;0,001608891;0;0;;0
345;madeira;2;0,246698333;0,004263658;0;0;;0
346;maior;2;0,208819455;0,001287042;0,500000000;0,018867925;;0
347;malo;2;0,167607457;6,3906724E-5;0;0;;0
348;manha;6;0,241991522;0,009011249;0,050000000;0,004716981;;0
349;manhà;2;0,233190071;2,0081818E-4;0;0;;0
350;manhã;28;0,290125091;0,026545132;0,041666667;0,012578616;;0
351;marginal;2;0,193000846;0,003896657;0;0;;0
352;marido;4;0,181136777;0,012330182;0;0;;0
353;meio;8;0,263285902;0,016872403;0;0;;0
354;meio-dia;3;0,254889278;0,001294987;0;0;;0
355;melhor;10;0,273018979;0,017405273;0,013888889;0,002358491;;0
356;melhorar;2;0,180743977;0,001430047;0;0;;0
357;menos;4;0,207335309;0,005467554;0;0;;6,276190476
358;mensagem;1;0,187481221;0;999999998;999999998;;0
359;mercado;2;0,235448571;0,002146346;0;0;;0
360;metro;11;0,226843530;0,010327744;0,053571429;0,008086253;;0
361;metrô;9;0,240000641;0,004734678;0,119047619;0,015723270;;0
362;minimizar;2;0,213480263;4,2633123E-4;0;0;;0
363;moderno;2;0,182325487;0,003988242;0;0;;0
364;modo;2;0,177553731;0,003328381;0;0;;0
365;moreno;2;0,161305380;0,004034365;0;0;;2
366;mto;2;0,250296679;0,004266307;0;0;;0
367;nado;2;0,250726927;0,003123008;0,500000000;0,018867925;;0
368;naheiros;2;0,250942606;0,002087921;0;0;;0
369;nao;12;0,263285902;0,031116109;0;0;;0
370;natal;0;0;0;999999998;999999998;;1
371;necessário;2;0,263523739;0;0,500000000;0,018867925;;0
372;negativo;3;0,225006386;0,001373698;0;0;;0
373;noite;6;0,205872110;0,013775774;0;0;;19,048527083
374;noivo;1;0,096213977;0;999999998;999999998;;0
375;normal;2;0,236594306;0,003633263;0;0;;0
376;noto;4;0,227817867;0,004169958;0;0;;0
377;novamente;1;0,216812173;0;999999998;999999998;;0
378;novo;41;0,310506417;0,070961715;0,025000000;0,011792453;;0
379;náo;1;0,179797090;0;999999998;999999998;;0
380;número;2;0,200151478;0,002960054;0;0;;0
381;obviamente;2;0,244322261;3,3382027E-4;0;0;;0
382;oferecer;10;0,283637121;0,014094405;0,055555556;0,009433962;;0
383;ok;1;0,181080558;0;999999998;999999998;;0
384;ond;1;0,108064745;0;999999998;999999998;;0
385;onde;6;0,268002553;0,013951010;0;0;;0
386;opção;8;0,247430686;0,011161354;0,017857143;0,002695418;;0
387;organizado;4;0,258962077;0,003518272;0;0;;0
388;orla;4;0,242494413;0,004085403;0;0;;0
389;otima;1;0,220916910;0;999999998;999999998;;0
390;otimo;1;0,217864660;0;999999998;999999998;;0
391;out;10;0,212469613;0,016483010;0;0;;0
392;outro;37;0,308372917;0,070686737;0,013227513;0,006988120;;0
393;padaria;2;0,207630448;0,002675777;0;0;;0
394;padrão;14;0,292451909;0,018791077;0,088888889;0,016771488;;0
395;pagamento;4;0,213636601;0,002851334;0;0;;5,527272727
396;pagar;2;0,207630448;0,002860094;0;0;;0
397;pago;4;0,263167144;0,001843681;0,166666667;0,012578616;;0
398;palaace;2;0,246074044;0,001116632;0;0;;0
399;palace;9;0,251591875;0,001597418;0,083333333;0,006289308;;0
400;palace.o;2;0,266290077;0,001753649;0;0;;0
401;pao;2;0,199330905;0,001292339;0;0;;0
402;parcelar;1;0,208744744;0;999999998;999999998;;0
403;parecer;7;0,232076992;0,019058849;0;0;;0
404;parte;2;0,249974961;2,4698259E-4;0;0;;0
405;passar;2;0,185160761;0,005344418;0;0;;2
406;passeio;2;0,179741700;0,001765492;0;0;;0
407;pcs;2;0,205292596;0,001228432;0;0;;0
408;pedido;6;0,229791870;0,005751506;0;0;;0
409;pedir;2;0,155917039;0,002824372;0;0;;0
410;pegar;4;0,247220999;0,006278836;0;0;;0
411;pena;10;0,240495284;0,017755541;0;0;;0
412;pequeno;4;0,217864660;0,005142872;0;0;;0
413;perceber;2;0,216490374;0,001462652;0;0;;0
414;perfeito;3;0,250511618;0,001287042;0;0;;0
415;perto;15;0,287126751;0,028551946;0,072727273;0,015094340;;0
416;perímetro;2;0,238333970;7,7899267E-4;0;0;;0
417;período;10;0,284189751;0,029622104;0,013888889;0,002358491;;0
418;pesquisa;2;0,226579246;0,001409864;0;0;;0
419;pessoa;10;0,251266821;0,018749260;0;0;;61,830441838
420;piorar;2;0,193770029;0,001294987;0;0;;3
421;piso;2;0,197910976;0,004125950;0;0;;2
422;pleno;2;0,176746913;0,004297609;0;0;;0
423;plentry;2;0,208000556;0,001185507;0;0;;0
424;poder;15;0,265562840;0,028900874;0,004761905;0,001347709;;87,034267935
425;pois;4;0,227285375;0,002088455;0;0;;0
426;ponto;13;0,272763702;0,024536433;0,022727273;0,005145798;;0
427;por+os;2;0,253670243;0,001424750;0;0;;0
428;porque;3;0,119803195;0,002600567;0;0;;9
429;positivo;2;0,219009594;0;0,500000000;0,018867925;;0
430;possibilidade;4;0,234219815;0,004783525;0;0;;0
431;possibilitar;2;0,222432924;0,002215046;0;0;;0
432;possuir;1;0,227196869;0;999999998;999999998;;0
433;possível;3;0,158242896;0,005297794;0;0;;6,857142857
434;pouco;8;0,242293006;0,008517926;0;0;;0
435;pra;1;0,003246753;0;999999998;999999998;;0
436;praia;23;0,258388644;0,020417048;0,036363636;0,007547170;;0
437;praticamente;2;0,259884881;0,001298247;0;0;;0
438;prato;2;0,171853184;0;0;0;;0
439;preferir;1;0,203786783;0;999999998;999999998;;0
440;presenciar;2;0,209644829;0,001436090;0;0;;0
441;pressão;1;0,159323200;0;999999998;999999998;;0
442;prestado;1;0,143246147;0;999999998;999999998;;0
443;preço;27;0,308210015;0,066745195;0,009057971;0,004101723;;0
444;primeiro;4;0,221588135;0,002668870;0;0;;0
445;principalmente;6;0,247220999;0,006923595;0;0;;0
446;problema;2;0,192491441;0,003099788;0;0;;0
447;procurar;6;0,275598280;0,007531999;0,066666667;0,007547170;;0
448;produto;3;0,234502234;0,005794585;0;0;;0
449;propor;2;0,233283310;4,7653555E-4;0;0;;0
450;provavelmente;1;0,181193031;0;999999998;999999998;;0
451;proximidade;3;0,202513557;0,005317905;0;0;;0
452;proximo;4;0,239115393;0,001948449;0,166666667;0,009433962;;0
453;prá;1;0,152493873;0;999999998;999999998;;0
454;próximo;9;0,281855825;0,015445414;0,027777778;0,004716981;;0
455;pão;2;0,177878524;0,004389918;0;0;;0
456;pão-de;2;0,134837430;0,005545404;0;0;;2
457;pôr;8;0,266411671;0,013459952;0;0;;0
458;q;4;0,255671147;0,007434175;0;0;;0
459;qdo;2;0,153295207;0,001302932;0;0;;2
460;quadra;26;0,244424616;0,028648946;0,014285714;0,004043127;;65,309058167
461;qualidade;4;0,206674303;0,003972484;0;0;;0
462;qualquer;4;0,237171365;0,001424750;0;0;;0
463;quantum;7;0,285441076;0,003401340;0,023809524;0,003144654;;0
464;quarteirão;6;0,239704831;0,001334090;0,083333333;0,006289308;;0
465;quarto;31;0,300278723;0,065290528;0,015669516;0,007982583;;0
466;quase;5;0,236594306;0,003598783;0,050000000;0,004716981;;0
467;queijo;1;0,165515336;0;999999998;999999998;;0
468;quer;2;0,261867845;0;1;0,037735849;;0
469;querer;4;0,223369662;0,004290141;0;0;;0
470;rapidez;1;0,172871573;0;999999998;999999998;;0
471;razoavel;1;0,184574995;0;999999998;999999998;;0
472;razoável;6;0,274689999;0,009038093;0,100000000;0,011320755;;0
473;razão;4;0,237654403;0,003437320;0;0;;0
474;real;7;0,227551310;0,005944578;0;0;;0
475;realizar;2;0,159759463;0,004143164;0;0;;0
476;realmente;2;0,234879854;0,001578276;0;0;;0
477;recem;2;0,253010216;7,0140831E-4;0;0;;0
478;recem-inaugurado;0;0;0;999999998;999999998;;1
479;recente;2;0,179907974;0,001292339;0;0;;0
480;recepcao;2;0,202022700;0,009946070;0;0;;0
481;recepção;2;0,171600458;0;0;0;;2
482;reclamar;1;0,170547079;0;999999998;999999998;;0
483;reclamação;2;0,161305380;0,002684638;0;0;;0
484;recomer;6;0,222094236;0,006909994;0;0;;0
485;recordar;2;0,120123854;0,001435343;0;0;;3
486;rede;12;0,287551286;0,013530112;0,066666667;0,012578616;;0
487;redentor;2;0,147333727;0,005407696;0;0;;2
488;redondeza;3;0,238431368;0,007586304;0;0;;0
489;redor;2;0,254001549;0,002207564;0;0;;0
490;regiao;2;0,213246184;4,5535043E-4;0;0;;0
491;região;3;0,197776799;0,004759329;0;0;;0
492;relativamente;2;0,204429418;0,001287042;0;0;;0
493;relação;2;0,166792898;0,002822346;0;0;;2
494;residente;2;0,163154798;0,002945720;0;0;;2
495;resolver;2;0,162699821;0,002962080;0;0;;2
496;ressalva;2;0,223540827;0,003777952;0;0;;0
497;restaurante;6;0,259538060;0,009131249;0;0;;0
498;resto;2;0,229430420;9,2688223E-5;0;0;;0
499;restriçoes;1;0,189060777;0;999999998;999999998;;0
500;retirado;2;0,189429077;0,001154563;0;0;;0
501;reveillon/13;1;0,231708323;0;999999998;999999998;;0
502;revezar;2;0,221925279;9,9805157E-4;0;0;;0
503;rio;21;0,287693076;0,030830156;0,022058824;0,007075472;;0
504;rj;3;0,254333722;0,019081968;0;0;;0
505;roupa;2;0,217620872;0,008727673;0;0;;0
506;rua;7;0,231708323;0,011841047;0;0;;0
507;rápido;3;0,240892468;0,001472983;0,166666667;0,009433962;;0
508;réveillon;5;0,233190071;0,014068675;0;0;;0
509;saber;4;0,220416154;0,004746075;0;0;;0
510;saboroso;1;0,204644531;0;999999998;999999998;;0
511;saguão;1;0,229611003;0;999999998;999999998;;0
512;sai;2;0,253670243;0,002491823;0;0;;0
513;sair;3;0,219917662;0,001420794;0;0;;0
514;sala;1;0,003246753;0;999999998;999999998;;1
515;salgado;6;0,254112177;0,005342386;0;0;;0
516;santo;2;0,121525007;0,001300283;0;0;;3
517;sao;4;0,261632986;0,001439199;0,083333333;0,006289308;;0
518;sebento;2;0,214264252;0,004309782;0;0;;0
519;seguir;2;0,243811767;6,1697645E-4;0;0;;0
520;semana;4;0,230974489;0,002884180;0;0;;0
521;sempre;4;0,261398548;0,002109356;0,083333333;0,006289308;;0
522;seriviço;2;0,187662129;3,3330674E-4;0;0;;0
523;servir;2;0,234219815;0,001343470;0;0;;0
524;serviço;8;0,266899158;0,016606007;0;0;;0
525;setembro;4;0,190232005;0,001297635;0;0;;0
526;silencioso;4;0,255559158;0,007635158;0,083333333;0,006289308;;0
527;simpaticos;1;0,213949966;0;999999998;999999998;;0
528;simples;8;0,285441076;0,008484494;0,107142857;0,016172507;;0
529;simpático;4;0,215292088;0,003578009;0,083333333;0,006289308;;0
530;sistema;2;0,224659822;0,001287042;0;0;;0
531;so;2;0,252900545;0,001287042;0;0;;0
532;sobre;1;0,227196869;0;999999998;999999998;;0
533;sobrecarga;2;0,161216236;0,002589974;0;0;;2
534;solicitar;2;0,243100649;0,002758285;0;0;;0
535;somente;2;0,155584416;0,002592622;0;0;;2
536;sono;2;0,234690892;2,4891468E-4;0,500000000;0,018867925;;0
537;split;4;0,235543625;0,003345215;0,166666667;0,012578616;;0
538;sr;2;0,203077466;0,001316173;0;0;;0
539;staff;5;0,219751999;0,006178331;0,050000000;0,004716981;;0
540;suco;4;0,227373951;0,002848139;0;0;;0
541;sul;2;0,222348155;0,001424750;0;0;;0
542;sumo;0;0;0;999999998;999999998;;1
543;super;6;0,267879503;0,005372122;0,200000000;0,018867925;;0
544;supermecado;2;0,209118838;2,1587429E-4;0;0;;0
545;supermercado;2;0,254777973;5,1687815E-4;0;0;;0
546;tamanho;2;0,222348155;0,001292339;0;0;;0
547;tanto;2;0,158199989;0,005179948;0;0;;2
548;tao;2;0,161349989;0,005482126;0;0;;0
549;tarde;4;0,176426235;0,007049882;0;0;;0
550;tardio;2;0,207041007;0,002047596;0;0;;0
551;tarifa;4;0,238528846;0,004624545;0;0;;0
552;taxa;5;0,208223254;0,009307601;0;0;;0
553;taxi;5;0,252026591;0,004313571;0;0;;0
554;taxista;3;0,235924609;0,010487010;0;0;;0
555;tela;2;0,177824309;0,001294987;0;0;;3
556;tempo;4;0,239311550;0,007270568;0;0;;0
557;temporada;2;0,204716336;0;999999998;999999998;;0
558;thiago;2;0,178095714;3,1778819E-5;0;0;;0
559;tipicamente;2;0,256570606;0,001525374;0;0;;0
560;toalha;3;0,232169343;0,002373551;0;0;;0
561;todo;14;0,274044884;0,032781609;0,006410256;0,001572327;;0
562;tomado;2;0,208819455;0,001424750;0,500000000;0,018867925;;0
563;tomar;10;0,257590092;0,020445022;0;0;;0
564;tomográfico;2;0,159105961;0,004290141;0;0;;0
565;total;2;0,178969803;0,002808012;0;0;;0
566;totalmente;2;0,261867845;0;1;0,037735849;;0
567;tranquilo;1;0,180856032;0;999999998;999999998;;0
568;tranqüilo;2;0,253339800;0,001400916;0;0;;0
569;trazer;2;0,162473283;8,4810775E-5;0;0;;2
570;troca;4;0,205364857;0,014295012;0;0;;6,891246684
571;trocar;2;0,210173472;0,001730000;0;0;;0
572;trás;2;0,200771355;0,002008637;0;0;;0
573;três;4;0,229340235;1,4241816E-4;0,166666667;0,009433962;;0
574;tudo;12;0,260581312;0,009291785;0,027777778;0,004716981;;0
575;tv;2;0,217296670;0,002584677;0;0;;0
576;táxi;6;0,240198254;0,015198940;0;0;;0
577;ultimar;2;0,234974450;3,0038407E-4;0;0;;0
578;um-forma;2;0,175049973;0,002584677;0;0;;0
579;unidade;2;0,234502234;0,001292339;0;0;;0
580;usar;2;0,181193031;0,002709144;0;0;;2
581;vale;6;0,240000641;0,004082606;0;0;;0
582;valer;2;0,222857738;0,001421978;0;0;;0
583;valor;10;0,250834720;0,010118461;0,013888889;0,002358491;;0
584;vantagem;1;0,234313879;0;999999998;999999998;;0
585;variar;2;0,193256561;0,005169355;0;0;;0
586;variedade;2;0,194027788;0,002900016;0;0;;0
587;vazio;2;0,181080558;0,001414157;0;0;;0
588;vc;2;0,256120087;0;0;0;;0
589;vedação;2;0,218763239;0,002640290;0;0;;0
590;velocidade;2;0,250619226;0,001632576;0;0;;0
591;verdadeiro;1;0,252353615;0;999999998;999999998;;0
592;verde;1;0,154923409;0;999999998;999999998;;0
593;vez;8;0,253339800;0,008927007;0,017857143;0,002695418;;0
594;viagem;2;0,219256504;0;0;0;;0
595;viajar;1;0,152773385;0;999999998;999999998;;0
596;visitar;1;0,222094236;0;999999998;999999998;;0
597;visto;5;0,217702074;0,019978832;0;0;;0
598;viv;1;0,096213977;0;999999998;999999998;;0
599;vizinhança;1;0,249760941;0;999999998;999999998;;0
600;voltar;3;0,234785335;0,002120416;0;0;;0
601;volume;2;0,206454904;6,1399327E-4;0;0;;0
602;voo;1;0,149408850;0;999999998;999999998;;0
603;vário;4;0,222263451;0,006448723;0;0;;0
604;wi;1;0,216089466;0;999999998;999999998;;0
605;wi-fi;5;0,246802690;0,003316250;0,050000000;0,004716981;;0
606;wifi;3;0,227906859;0,001551464;0,166666667;0,009433962;;0
607;windows;2;0,148496197;0,001294987;0;0;;3
608;zona;2;0,252572103;0,001287042;0;0;;0
609;gua;2;0,190418263;0,001430047;0;0;;0
610;rea;2;0,229520676;2,5713960E-4;0;0;;0
611;bis;7;0,283913167;0,014340026;0,150000000;0,014150943;;0
612;dem;1;0,164442378;0;999999998;999999998;;0
613;timo;10;0,273916225;0,011729129;0,071428571;0,009433962;;0
614;nibus;1;0,184050965;0;999999998;999999998;;0
615;ltimo;2;0,208595480;0,002261756;0;0;;0
616;nico;3;0,190791877;0,007281505;0;0;;0
